name: simodin
channels:
  - conda-forge
dependencies:
  - asttokens=3.0.0=pyhd8ed1ab_1
  - bzip2=1.0.8=h0ad9c76_8
  - ca-certificates=2025.10.5=h4c7d964_0
  - colorama=0.4.6=pyhd8ed1ab_1
  - comm=0.2.3=pyhe01879c_0
  - debugpy=1.8.17=py312ha1a9051_0
  - decorator=5.2.1=pyhd8ed1ab_0
  - exceptiongroup=1.3.0=pyhd8ed1ab_0
  - executing=2.2.1=pyhd8ed1ab_0
  - importlib-metadata=8.7.0=pyhe01879c_1
  - ipykernel=6.30.1=pyh3521513_0
  - ipython=9.6.0=pyh6be1c34_0
  - ipython_pygments_lexers=1.1.1=pyhd8ed1ab_0
  - jedi=0.19.2=pyhd8ed1ab_1
  - jupyter_client=8.6.3=pyhd8ed1ab_1
  - jupyter_core=5.7.2=py312h2e8e312_0
  - krb5=1.21.3=hdf4eb48_0
  - libexpat=2.7.1=hac47afa_0
  - libffi=3.4.6=h537db12_1
  - liblzma=5.8.1=h2466b09_2
  - libsodium=1.0.20=hc70643c_0
  - libsqlite=3.50.4=hf5d6505_0
  - libzlib=1.3.1=h2466b09_2
  - matplotlib-inline=0.1.7=pyhd8ed1ab_1
  - nest-asyncio=1.6.0=pyhd8ed1ab_1
  - openssl=3.5.4=h725018a_0
  - packaging=25.0=pyh29332c3_1
  - parso=0.8.5=pyhcf101f3_0
  - pickleshare=0.7.5=pyhd8ed1ab_1004
  - pip=25.2=pyh8b19718_0
  - platformdirs=4.5.0=pyhcf101f3_0
  - prompt-toolkit=3.0.52=pyha770c72_0
  - psutil=7.1.0=py312he06e257_0
  - pure_eval=0.2.3=pyhd8ed1ab_1
  - pygments=2.19.2=pyhd8ed1ab_0
  - python=3.12.11=h3f84c4b_0_cpython
  - python-dateutil=2.9.0.post0=pyhe01879c_2
  - python_abi=3.12=8_cp312
  - pywin32=311=py312h829343e_1
  - pyzmq=27.0.2=py312h65432d7_1
  - setuptools=80.9.0=pyhff2d567_0
  - six=1.17.0=pyhe01879c_1
  - stack_data=0.6.3=pyhd8ed1ab_1
  - tk=8.6.13=h2c6b04d_2
  - tornado=6.5.2=py312he06e257_1
  - traitlets=5.14.3=pyhd8ed1ab_1
  - typing_extensions=4.15.0=pyhcf101f3_0
  - ucrt=10.0.26100.0=h57928b3_0
  - vc=14.3=h41ae7f8_31
  - vc14_runtime=14.44.35208=h818238b_31
  - vcomp14=14.44.35208=h818238b_31
  - wcwidth=0.2.14=pyhd8ed1ab_0
  - wheel=0.45.1=pyhd8ed1ab_1
  - zeromq=4.3.5=h5bddc39_9
  - zipp=3.23.0=pyhd8ed1ab_0
  - pip:
      - annotated-types==0.7.0
      - asteval==1.0.6
      - astunparse==1.6.3
      - blinker==1.9.0
      - bw-processing==1.0
      - bw2calc==2.1.1
      - bw2data==4.5
      - bw2parameters==1.1.0
      - contourpy==1.3.3
      - coolprop==7.1.0
      - cycler==0.12.1
      - deepdiff==7.0.1
      - deprecated==1.2.18
      - flexcache==0.3
      - flexparser==0.4
      - fluprodia==3.5.1
      - fonttools==4.60.1
      - fsspec==2025.9.0
      - jinja2==3.1.6
      - kiwisolver==1.4.9
      - lxml==6.0.2
      - markupsafe==3.0.3
      - matplotlib==3.10.7
      - matrix-utils==0.6.2
      - morefs==0.2.2
      - numpy==2.3.3
      - ordered-set==4.1.0
      - pandas==2.3.3
      - peewee==3.18.2
      - pillow==11.3.0
      - pint==0.25
      - pydantic==2.12.0
      - pydantic-core==2.41.1
      - pydantic-settings==2.11.0
      - pyparsing==3.2.5
      - python-dotenv==1.1.1
      - pytz==2025.2
      - rapidfuzz==3.14.1
      - scipy==1.16.2
      - simodin==0.0.6
      - snowflake-id==1.0.2
      - stats-arrays==0.7
      - structlog==25.4.0
      - tabulate==0.9.0
      - tespy==0.9.7.post1
      - tqdm==4.67.1
      - typing-inspection==0.4.2
      - tzdata==2025.2
      - voluptuous==0.15.2
      - wrapt==1.17.3
